Test accuracy 0.7103529411764706
Test precision 0.7176135488751588
Test recall 0.7107843137254901
Test roc_auc 0.8682272552514767
Test f1 0.7104610403615835
-------------------------------------------------------------------------------
Train accuracy 0.9612777695680016
Train precision 0.9616264746649905
Train recall 0.9612671934445419
Train roc_auc 0.9958508331428412
Train f1 0.9612613080337201
-------------------------------------------------------------------------------
                                       mean_fit_time  \
0  [1.7349855422973632, 0.13395214080810547, 2.16...   
1  [1.6400258779525756, 0.13015429973602294, 2.10...   
2  [1.6467887878417968, 0.12617435455322265, 2.10...   
3  [1.6352911233901977, 0.13016026020050048, 2.08...   
4  [1.621420192718506, 0.1301647663116455, 2.1214...   

                                        std_fit_time  \
0  [0.041321050450579565, 0.0087944209099752, 0.0...   
1  [0.023366976825532085, 0.011559928800509557, 0...   
2  [0.04047185311309296, 0.011537095897901669, 0....   
3  [0.03188186771585872, 0.008626218793805231, 0....   
4  [0.037734067488040736, 0.005570774729220501, 0...   

                                     mean_score_time  \
0  [0.06259539127349853, 0.007176685333251953, 0....   
1  [0.059322905540466306, 0.007675361633300781, 0...   
2  [0.06030094623565674, 0.007473373413085937, 0....   
3  [0.05870356559753418, 0.007574725151062012, 0....   
4  [0.05751490592956543, 0.007874202728271485, 0....   

                                      std_score_time  \
0  [0.00802697422026982, 0.0012441291370113637, 0...   
1  [0.00433070886265183, 0.0013419022785536722, 0...   
2  [0.007764236562529305, 0.0013561436109281806, ...   
3  [0.008738513060248664, 0.0021459236566150485, ...   
4  [0.0038182785106796947, 0.00191424827698477, 0...   

                                     param_bootstrap  \
0  [True, False, True, False, False, False, False...   
1  [True, False, True, False, False, False, False...   
2  [True, False, True, False, False, False, False...   
3  [True, False, True, False, False, False, False...   
4  [True, False, True, False, False, False, False...   

                                     param_max_depth  \
0  [50, 60, 60, 10, 30, 60, 50, 60, 40, 50, 40, 2...   
1  [50, 60, 60, 10, 30, 60, 50, 60, 40, 50, 30, 5...   
2  [50, 60, 60, 10, 30, 60, 50, 60, 40, 50, 10, 2...   
3  [50, 60, 60, 10, 30, 60, 50, 60, 40, 50, 40, 2...   
4  [50, 60, 60, 10, 30, 60, 50, 60, 40, 50, 20, N...   

                                  param_max_features  \
0  [0.5, sqrt, None, log2, log2, None, sqrt, sqrt...   
1  [0.5, sqrt, None, log2, log2, None, sqrt, sqrt...   
2  [0.5, sqrt, None, log2, log2, None, sqrt, sqrt...   
3  [0.5, sqrt, None, log2, log2, None, sqrt, sqrt...   
4  [0.5, sqrt, None, log2, log2, None, sqrt, sqrt...   

                              param_min_samples_leaf  \
0  [2, 8, 2, 8, 4, 1, 8, 8, 2, 2, 2, 2, 2, 2, 2, ...   
1  [2, 8, 2, 8, 4, 1, 8, 8, 2, 2, 2, 2, 2, 2, 1, ...   
2  [2, 8, 2, 8, 4, 1, 8, 8, 2, 2, 2, 2, 2, 4, 2, ...   
3  [2, 8, 2, 8, 4, 1, 8, 8, 2, 2, 2, 2, 2, 4, 1, ...   
4  [2, 8, 2, 8, 4, 1, 8, 8, 2, 2, 2, 2, 2, 2, 2, ...   

                             param_min_samples_split  \
0  [10, 20, 2, 10, 20, 20, 10, 5, 5, 10, 2, 2, 20...   
1  [10, 20, 2, 10, 20, 20, 10, 5, 5, 10, 20, 20, ...   
2  [10, 20, 2, 10, 20, 20, 10, 5, 5, 10, 2, 2, 2,...   
3  [10, 20, 2, 10, 20, 20, 10, 5, 5, 10, 2, 2, 2,...   
4  [10, 20, 2, 10, 20, 20, 10, 5, 5, 10, 10, 5, 5...   

                                  param_n_estimators  ...  \
0  [1000, 100, 1000, 100, 2000, 1000, 1000, 100, ...  ...   
1  [1000, 100, 1000, 100, 2000, 1000, 1000, 100, ...  ...   
2  [1000, 100, 1000, 100, 2000, 1000, 1000, 100, ...  ...   
3  [1000, 100, 1000, 100, 2000, 1000, 1000, 100, ...  ...   
4  [1000, 100, 1000, 100, 2000, 1000, 1000, 100, ...  ...   

                                   split3_test_score  \
0  [0.5, 0.5, 0.6, 0.5, 0.55, 0.45, 0.5, 0.5, 0.5...   
1  [0.7, 0.75, 0.7, 0.75, 0.7, 0.65, 0.75, 0.75, ...   
2  [0.8, 0.65, 0.7, 0.7, 0.7, 0.65, 0.7, 0.65, 0....   
3  [0.6, 0.55, 0.55, 0.55, 0.55, 0.5, 0.55, 0.6, ...   
4  [0.6, 0.4, 0.45, 0.4, 0.55, 0.6, 0.4, 0.4, 0.5...   

                                   split4_test_score  \
0  [0.55, 0.5, 0.55, 0.5, 0.6, 0.5, 0.5, 0.55, 0....   
1  [0.65, 0.65, 0.6, 0.65, 0.6, 0.65, 0.6, 0.65, ...   
2  [0.85, 0.75, 0.8, 0.75, 0.75, 0.5, 0.75, 0.75,...   
3  [0.7, 0.7, 0.7, 0.7, 0.7, 0.65, 0.7, 0.7, 0.75...   
4  [0.6, 0.55, 0.65, 0.55, 0.5, 0.55, 0.55, 0.55,...   

                                   split5_test_score  \
0  [0.75, 0.75, 0.75, 0.75, 0.75, 0.65, 0.75, 0.7...   
1  [0.65, 0.55, 0.65, 0.55, 0.65, 0.6, 0.6, 0.6, ...   
2  [0.75, 0.6, 0.8, 0.6, 0.75, 0.65, 0.6, 0.6, 0....   
3  [0.8, 0.6, 0.8, 0.6, 0.75, 0.5, 0.6, 0.6, 0.7,...   
4  [0.9, 0.9, 0.9, 0.9, 0.85, 0.7, 0.9, 0.85, 0.8...   

                                   split6_test_score  \
0  [0.75, 0.6, 0.75, 0.55, 0.6, 0.7, 0.55, 0.55, ...   
1  [0.7, 0.6, 0.75, 0.65, 0.6, 0.7, 0.6, 0.65, 0....   
2  [0.6, 0.55, 0.6, 0.55, 0.55, 0.6, 0.55, 0.55, ...   
3  [0.7, 0.7, 0.75, 0.65, 0.7, 0.65, 0.65, 0.65, ...   
4  [0.85, 0.8, 0.85, 0.8, 0.8, 0.6, 0.85, 0.8, 0....   

                                   split7_test_score  \
0  [0.6, 0.45, 0.6, 0.45, 0.5, 0.5, 0.45, 0.45, 0...   
1  [0.65, 0.65, 0.65, 0.65, 0.65, 0.6, 0.65, 0.65...   
2  [0.65, 0.6, 0.65, 0.6, 0.6, 0.6, 0.6, 0.65, 0....   
3  [0.65, 0.65, 0.65, 0.65, 0.65, 0.6, 0.65, 0.65...   
4  [0.85, 0.75, 0.85, 0.8, 0.8, 0.65, 0.8, 0.8, 0...   

                                   split8_test_score  \
0  [0.65, 0.7, 0.75, 0.7, 0.65, 0.7, 0.65, 0.65, ...   
1  [0.75, 0.65, 0.7, 0.65, 0.65, 0.7, 0.65, 0.65,...   
2  [0.85, 0.8, 0.8, 0.8, 0.65, 0.65, 0.75, 0.75, ...   
3  [0.7, 0.65, 0.7, 0.65, 0.65, 0.4, 0.65, 0.65, ...   
4  [0.85, 0.8, 0.9, 0.8, 0.8, 0.75, 0.8, 0.8, 0.9...   

                                   split9_test_score  \
0  [0.7, 0.6, 0.7, 0.55, 0.5, 0.55, 0.6, 0.55, 0....   
1  [0.5, 0.55, 0.55, 0.55, 0.5, 0.55, 0.55, 0.55,...   
2  [0.55, 0.55, 0.65, 0.55, 0.6, 0.7, 0.55, 0.6, ...   
3  [0.6, 0.65, 0.7, 0.65, 0.6, 0.6, 0.65, 0.65, 0...   
4  [0.75, 0.8, 0.75, 0.85, 0.85, 0.8, 0.85, 0.85,...   

                                     mean_test_score  \
0  [0.6709523809523811, 0.6016666666666667, 0.685...   
1  [0.6657142857142857, 0.6311904761904763, 0.680...   
2  [0.6985714285714285, 0.6530952380952381, 0.717...   
3  [0.6826190476190477, 0.6378571428571429, 0.697...   
4  [0.7047619047619047, 0.6597619047619048, 0.704...   

                                      std_test_score  \
0  [0.09140996834549922, 0.09050782654923642, 0.0...   
1  [0.10145874802608401, 0.0799904331014347, 0.08...   
2  [0.10569497893196522, 0.0943533307329856, 0.07...   
3  [0.0659661323123078, 0.08296141495829301, 0.06...   
4  [0.14366438592188716, 0.16060207723091366, 0.1...   

                                     rank_test_score  
0  [4, 16, 1, 20, 14, 15, 18, 19, 13, 2, 10, 7, 1...  
1  [10, 19, 5, 17, 20, 15, 17, 16, 11, 1, 14, 9, ...  
2  [11, 18, 6, 16, 15, 20, 19, 16, 9, 14, 1, 8, 2...  
3  [10, 17, 4, 18, 15, 20, 19, 16, 13, 6, 6, 6, 1...  
4  [3, 19, 3, 17, 9, 20, 12, 17, 2, 12, 7, 1, 5, ...  

[5 rows x 24 columns]
-------------------------------------------------------------------------------
Feature Importance:
       Feature  Importance
3         SRAD    0.298467
1           RH    0.279254
2  temperature    0.220588
0     pressure    0.201691
