Test accuracy 0.7743529411764706
Test precision 0.777792807181352
Test recall 0.7754901960784314
Test roc_auc 0.90245720614449
Test f1 0.7721975775345532
-------------------------------------------------------------------------------
Train accuracy 0.9940446283434314
Train precision 0.9940737489025461
Train recall 0.9940444834650277
Train roc_auc 0.999918428861772
Train f1 0.9940445364378331
-------------------------------------------------------------------------------
                                       mean_fit_time  \
0  [2.1311606645584105, 0.1366434097290039, 3.169...   
1  [1.8108410120010376, 0.12947020530700684, 2.44...   
2  [1.8356743574142456, 0.12418117523193359, 2.46...   
3  [1.8380702972412108, 0.1269918918609619, 2.514...   
4  [1.811762261390686, 0.13067083358764647, 2.829...   

                                        std_fit_time  \
0  [0.13150040657801065, 0.005486040058293779, 0....   
1  [0.03523762030762465, 0.006529688222241775, 0....   
2  [0.035482995826293454, 0.006850627109262089, 0...   
3  [0.038323969266232105, 0.007305871913354398, 0...   
4  [0.03636487319746444, 0.007273835726438618, 0....   

                                     mean_score_time  \
0  [0.07006733417510987, 0.008074092864990234, 0....   
1  [0.05820531845092773, 0.008472585678100586, 0....   
2  [0.05621407032012939, 0.007376527786254883, 0....   
3  [0.05610847473144531, 0.007572817802429199, 0....   
4  [0.05939054489135742, 0.007680463790893555, 0....   

                                      std_score_time  \
0  [0.009988085538348764, 0.0016939202054003575, ...   
1  [0.009341275414311343, 0.0017402247354125436, ...   
2  [0.009682408923663403, 0.0017941518763340215, ...   
3  [0.009732867130695842, 0.0018475333495210772, ...   
4  [0.006990267870703529, 0.0021842915998032167, ...   

                                     param_bootstrap  \
0  [True, False, True, False, False, False, False...   
1  [True, False, True, False, False, False, False...   
2  [True, False, True, False, False, False, False...   
3  [True, False, True, False, False, False, False...   
4  [True, False, True, False, False, False, False...   

                                     param_max_depth  \
0  [50, 60, 60, 10, 30, 60, 50, 60, 40, 50, None,...   
1  [50, 60, 60, 10, 30, 60, 50, 60, 40, 50, 60, 3...   
2  [50, 60, 60, 10, 30, 60, 50, 60, 40, 50, 40, 4...   
3  [50, 60, 60, 10, 30, 60, 50, 60, 40, 50, None,...   
4  [50, 60, 60, 10, 30, 60, 50, 60, 40, 50, None,...   

                                  param_max_features  \
0  [0.5, sqrt, None, log2, log2, None, sqrt, sqrt...   
1  [0.5, sqrt, None, log2, log2, None, sqrt, sqrt...   
2  [0.5, sqrt, None, log2, log2, None, sqrt, sqrt...   
3  [0.5, sqrt, None, log2, log2, None, sqrt, sqrt...   
4  [0.5, sqrt, None, log2, log2, None, sqrt, sqrt...   

                              param_min_samples_leaf  \
0  [2, 8, 2, 8, 4, 1, 8, 8, 2, 2, 2, 2, 2, 1, 1, ...   
1  [2, 8, 2, 8, 4, 1, 8, 8, 2, 2, 2, 2, 1, 4, 2, ...   
2  [2, 8, 2, 8, 4, 1, 8, 8, 2, 2, 2, 2, 2, 2, 2, ...   
3  [2, 8, 2, 8, 4, 1, 8, 8, 2, 2, 2, 2, 2, 2, 2, ...   
4  [2, 8, 2, 8, 4, 1, 8, 8, 2, 2, 2, 2, 2, 4, 1, ...   

                             param_min_samples_split  \
0  [10, 20, 2, 10, 20, 20, 10, 5, 5, 10, 2, 2, 5,...   
1  [10, 20, 2, 10, 20, 20, 10, 5, 5, 10, 2, 2, 2,...   
2  [10, 20, 2, 10, 20, 20, 10, 5, 5, 10, 2, 2, 2,...   
3  [10, 20, 2, 10, 20, 20, 10, 5, 5, 10, 2, 2, 2,...   
4  [10, 20, 2, 10, 20, 20, 10, 5, 5, 10, 2, 10, 2...   

                                  param_n_estimators  ...  \
0  [1000, 100, 1000, 100, 2000, 1000, 1000, 100, ...  ...   
1  [1000, 100, 1000, 100, 2000, 1000, 1000, 100, ...  ...   
2  [1000, 100, 1000, 100, 2000, 1000, 1000, 100, ...  ...   
3  [1000, 100, 1000, 100, 2000, 1000, 1000, 100, ...  ...   
4  [1000, 100, 1000, 100, 2000, 1000, 1000, 100, ...  ...   

                                   split3_test_score  \
0  [0.7, 0.65, 0.75, 0.7, 0.65, 0.5, 0.7, 0.7, 0....   
1  [0.6, 0.6, 0.7, 0.65, 0.6, 0.55, 0.6, 0.6, 0.8...   
2  [0.65, 0.65, 0.75, 0.7, 0.7, 0.6, 0.7, 0.65, 0...   
3  [0.7, 0.6, 0.75, 0.6, 0.65, 0.65, 0.65, 0.65, ...   
4  [0.5, 0.4, 0.5, 0.45, 0.5, 0.55, 0.4, 0.45, 0....   

                                   split4_test_score  \
0  [0.7, 0.65, 0.8, 0.7, 0.7, 0.75, 0.7, 0.65, 0....   
1  [0.65, 0.55, 0.7, 0.65, 0.55, 0.7, 0.6, 0.6, 0...   
2  [0.7, 0.75, 0.7, 0.75, 0.7, 0.75, 0.75, 0.7, 0...   
3  [0.6, 0.6, 0.6, 0.65, 0.6, 0.5, 0.6, 0.65, 0.6...   
4  [0.65, 0.55, 0.7, 0.6, 0.6, 0.45, 0.65, 0.55, ...   

                                   split5_test_score  \
0  [0.7, 0.65, 0.75, 0.6, 0.6, 0.75, 0.65, 0.6, 0...   
1  [0.75, 0.65, 0.8, 0.7, 0.7, 0.7, 0.65, 0.75, 0...   
2  [0.75, 0.7, 0.8, 0.6, 0.7, 0.5, 0.7, 0.7, 0.8,...   
3  [0.7, 0.65, 0.7, 0.65, 0.65, 0.55, 0.65, 0.65,...   
4  [0.6, 0.6, 0.65, 0.6, 0.6, 0.55, 0.6, 0.6, 0.7...   

                                   split6_test_score  \
0  [0.6, 0.65, 0.75, 0.65, 0.55, 0.6, 0.65, 0.6, ...   
1  [0.7, 0.65, 0.9, 0.65, 0.75, 0.5, 0.7, 0.65, 0...   
2  [0.65, 0.5, 0.7, 0.55, 0.55, 0.6, 0.55, 0.55, ...   
3  [0.6, 0.55, 0.65, 0.55, 0.55, 0.55, 0.6, 0.55,...   
4  [0.65, 0.6, 0.75, 0.6, 0.6, 0.6, 0.6, 0.6, 0.7...   

                                   split7_test_score  \
0  [0.75, 0.65, 0.8, 0.7, 0.7, 0.6, 0.7, 0.75, 0....   
1  [0.6, 0.65, 0.6, 0.7, 0.7, 0.55, 0.7, 0.75, 0....   
2  [0.55, 0.65, 0.7, 0.6, 0.65, 0.55, 0.6, 0.55, ...   
3  [0.8, 0.8, 0.75, 0.75, 0.75, 0.7, 0.75, 0.75, ...   
4  [0.5, 0.5, 0.55, 0.5, 0.45, 0.25, 0.5, 0.5, 0....   

                                   split8_test_score  \
0  [0.9, 0.9, 0.8, 0.9, 0.9, 0.75, 0.9, 0.9, 0.9,...   
1  [0.6, 0.55, 0.8, 0.7, 0.8, 0.55, 0.65, 0.75, 0...   
2  [1.0, 1.0, 1.0, 0.95, 1.0, 0.8, 0.95, 1.0, 0.9...   
3  [0.75, 0.6, 0.7, 0.6, 0.6, 0.55, 0.6, 0.6, 0.5...   
4  [0.95, 0.85, 0.9, 0.85, 0.85, 0.75, 0.85, 0.85...   

                                   split9_test_score  \
0  [0.6, 0.65, 0.65, 0.6, 0.65, 0.6, 0.7, 0.7, 0....   
1  [0.7, 0.55, 0.75, 0.7, 0.55, 0.5, 0.65, 0.65, ...   
2  [0.7, 0.6, 0.65, 0.55, 0.65, 0.5, 0.6, 0.6, 0....   
3  [0.7, 0.7, 0.75, 0.7, 0.7, 0.55, 0.65, 0.65, 0...   
4  [0.75, 0.65, 0.8, 0.65, 0.65, 0.6, 0.65, 0.65,...   

                                     mean_test_score  \
0  [0.7166666666666667, 0.7016666666666668, 0.751...   
1  [0.6757142857142857, 0.6309523809523809, 0.745...   
2  [0.6935714285714286, 0.6788095238095238, 0.723...   
3  [0.6780952380952381, 0.6385714285714286, 0.702...   
4  [0.6585714285714286, 0.604047619047619, 0.6930...   

                                      std_test_score  \
0  [0.08563488385776755, 0.08281505499203229, 0.0...   
1  [0.0798723471342535, 0.07701930140630751, 0.08...   
2  [0.11782250573274554, 0.1320063645136432, 0.11...   
3  [0.07177534869488347, 0.0670296242085688, 0.06...   
4  [0.12267890356000417, 0.11336459152771158, 0.1...   

                                     rank_test_score  
0  [8, 11, 5, 12, 14, 19, 8, 13, 3, 7, 1, 4, 17, ...  
1  [17, 18, 2, 12, 15, 20, 16, 13, 10, 11, 9, 5, ...  
2  [12, 14, 6, 17, 13, 20, 15, 16, 4, 11, 2, 18, ...  
3  [9, 17, 5, 17, 15, 20, 15, 19, 9, 14, 4, 3, 11...  
4  [7, 18, 5, 16, 14, 20, 14, 17, 8, 12, 3, 11, 2...  

[5 rows x 24 columns]
-------------------------------------------------------------------------------
Feature Importance:
       Feature  Importance
3         SRAD    0.221545
1           RH    0.186547
0     pressure    0.166037
2  temperature    0.160195
4         pm25    0.148557
5          so2    0.117118
